=========== 非线性精调 ===========

---- 1. 参考指令滤波带宽 wn_h ----
wn=0.8  h_rms=0.0094 h_err_max=0.0350 h_min=0.1016 V_rms=0.0101 de_max=  9.5deg ok=1
wn=1.2  h_rms=0.0100 h_err_max=0.0420 h_min=0.1000 V_rms=0.0126 de_max=  9.9deg ok=1
wn=1.6  h_rms=0.0105 h_err_max=0.0481 h_min=0.1000 V_rms=0.0158 de_max= 10.1deg ok=1
wn=2.0  h_rms=0.0110 h_err_max=0.0521 h_min=0.1000 V_rms=0.0193 de_max= 10.2deg ok=1
wn=3.0  h_rms=0.0124 h_err_max=0.0639 h_min=0.0994 V_rms=0.0397 de_max= 10.1deg ok=1

---- 2. 鲁棒项 eta_r / Phi_r（eta_V=1.5, Phi_V=1.0, wn=1.2） ----
 eta_r  Phi_r  等效增益 |  h_rms   h_err_max  h_min   V_rms   de_max   ok
   1.5   0.40       3.8 |  0.0094    0.0360   0.0999   0.0126      9.5     1
   1.5   0.80       1.9 |  0.0110    0.0577   0.1001   0.0127     10.8     1
   1.5   1.50       1.0 |  0.0119    0.0634   0.1001   0.0129     13.0     1
   1.5   2.50       0.6 |  0.0123    0.0650   0.1000   0.0129     14.1     1
   2.5   0.40       6.2 |  0.0055    0.0247   0.0992   0.0120      6.2     1
   2.5   0.80       3.1 |  0.0100    0.0420   0.1000   0.0126      9.9     1
   2.5   1.50       1.7 |  0.0112    0.0593   0.1001   0.0127     11.1     1
   2.5   2.50       1.0 |  0.0119    0.0633   0.1001   0.0129     13.0     1
   4.0   0.40      10.0 |  0.0069    0.0376   0.0998   0.0122      7.5     1
   4.0   0.80       5.0 |  0.0074    0.0282   0.0972   0.0122      6.4     1
   4.0   1.50       2.7 |  0.0103    0.0478   0.1001   0.0126     10.3     1
   4.0   2.50       1.6 |  0.0113    0.0598   0.1001   0.0127     11.3     1
   6.0   0.40      15.0 |  0.0058    0.0327   0.0999   0.0121      5.6     1
   6.0   0.80       7.5 |  0.0057    0.0343   0.0998   0.0120      6.7     1
   6.0   1.50       4.0 |  0.0090    0.0350   0.0992   0.0125      8.6     1
   6.0   2.50       2.4 |  0.0105    0.0514   0.1001   0.0126     10.4     1

---- 3. 高度外环 k_h / k_hd（eta_r=2.5, Phi_r=0.8, wn=1.2） ----
 k_h   k_hd |  h_rms   h_err_max  h_min   V_rms   de_max   settle  ok
  1.0    0.4 |  0.0084    0.0398   0.0996   0.0121      6.8    4.07     1
  1.0    0.8 |  0.0145    0.0540   0.1018   0.0131     12.7    5.65     1
  1.0    1.2 |  0.1007    0.3362   0.0586   0.0435     22.5   19.00     1
  1.0    2.0 |  0.1648    0.3368   0.0000   0.0669     22.6   19.00     0
  1.5    0.4 |  0.0069    0.0455   0.1000   0.0122      6.4    4.19     1
  1.5    0.8 |  0.0113    0.0468   0.1002   0.0127     11.0    4.88     1
  1.5    1.2 |  0.0896    0.3510   0.0304   0.0488     22.4   19.00     1
  1.5    2.0 |  0.1610    0.3341   0.0000   0.0849     22.8   19.00     0
  2.0    0.4 |  0.0057    0.0405   0.1000   0.0122      5.4    4.27     1
  2.0    0.8 |  0.0100    0.0420   0.1000   0.0126      9.9    4.62     1
  2.0    1.2 |  0.0828    0.3255   0.0102   0.0550     22.4   19.00     1
  2.0    2.0 |  0.1693    0.4193   0.0000   0.2059     23.0   19.00     0
  3.0    0.4 |  0.0053    0.0336   0.1000   0.0123      5.4    4.26     1
  3.0    0.8 |  0.0088    0.0343   0.0998   0.0125      7.8    4.45     1
  3.0    1.2 |  0.0488    0.1710   0.0692   0.0272     21.7   18.98     1
  3.0    2.0 |  0.2025    0.4806   0.0000   0.2755     23.5   19.00     0
  4.5    0.4 |  0.0237    0.1286   0.0569   0.0162     10.4    4.21     1
  4.5    0.8 |  0.0102    0.0396   0.0762   0.0126      7.9    4.30     1
  4.5    1.2 |  0.0160    0.0836   0.0787   0.0136     20.5    4.68     1
  4.5    2.0 |  0.1751    0.4148   0.0000   0.2800     24.2   19.00     0

---- 4. 自适应增益 Gam1 / Gam2 ----
  Gam1    Gam2 |  h_rms   h_err_max  h_min   V_rms   W1n    W2n     ok
 0.005     1.0 |  0.0100    0.0420   0.1000   0.0133  0.151  0.069     1
 0.005     3.0 |  0.0100    0.0420   0.1000   0.0126  0.151  0.155     1
 0.005     8.0 |  0.0100    0.0421   0.1000   0.0119  0.152  0.249     1
 0.005    20.0 |  0.0100    0.0421   0.1000   0.0115  0.151  0.301     1
 0.015     1.0 |  0.0665    0.2033   0.0413   0.0205  1.545  0.032     1
 0.015     3.0 |  0.0618    0.2033   0.0563   0.0195  1.545  0.051     1
 0.015     8.0 |  0.0664    0.2031   0.0465   0.0197  1.545  0.035     1
 0.015    20.0 |  0.0670    0.2032   0.0427   0.0202  1.545  0.022     1
 0.030     1.0 |  0.0724    0.1780   0.0361   0.0153  2.047  0.033     1
 0.030     3.0 |  0.0718    0.1748   0.0321   0.0151  2.047  0.059     1
 0.030     8.0 |  0.0678    0.1013   0.0362   0.0119  2.052  0.080     1
 0.030    20.0 |  0.0707    0.1697   0.0406   0.0143  2.048  0.085     1
 0.060     1.0 |  0.5546    2.5785   0.0000   0.4187  1.724  0.101     0
 0.060     3.0 |  0.9183    3.2685   0.0000   0.6165  1.725  0.046     0
 0.060     8.0 |  0.6774    2.9739   0.0000   0.5290  1.763  0.075     0
 0.060    20.0 |  0.6451    2.5809   0.0000   0.5004  1.615  0.171     0

=========== 精调结束 ===========
