---- A: 恒定指令 + 真实对象 ----
末端 h=0.19998 (指令 0.200)  V=17.9966  alpha=4.1666 deg  de=-4.307 deg  T=8.7533  W1n=0.020 W2n=0.088
h_min=0.15321  h_max=0.24802  e_h rms=0.01570  de_max=8.949 deg

   t     h_c      h       V_c      V     alpha    theta     gam       q       de       T     e_h      e_q      W1n
  0.00  0.2000  0.20000   18.00  18.000   4.162    4.162   0.000   0.0000   -4.306   8.745   0.0000   0.0000   0.000
  1.00  0.2000  0.19820   18.00  17.966   4.337    4.336  -0.001   0.0134   -4.542   9.032  -0.0017   0.0066   0.001
  2.00  0.2000  0.20169   18.00  17.971   4.200    4.397   0.197  -0.0486   -3.594   8.689   0.0008   0.0020   0.003
  3.00  0.2000  0.21977   18.00  17.964   3.240    3.179  -0.060  -0.0830   -3.381   8.508   0.0197  -0.0459   0.002
  4.00  0.2000  0.18717   18.00  17.993   4.632    3.564  -1.068   0.3172   -8.771   9.647  -0.0078   0.0166   0.011
  5.00  0.2000  0.16083   18.00  18.013   5.995    6.564   0.569  -0.0706   -3.791   9.521  -0.0411   0.0091   0.020
  6.00  0.2000  0.21916   18.00  17.977   3.055    3.200   0.145  -0.0889   -3.748   8.051   0.0181  -0.0005   0.021
  7.00  0.2000  0.19522   18.00  17.993   4.568    4.434  -0.135   0.0573   -4.773   9.030  -0.0040   0.0025   0.020
  8.00  0.2000  0.20144   18.00  17.992   4.054    4.121   0.067  -0.0264   -4.096   8.685   0.0011  -0.0018   0.020
  9.00  0.2000  0.19984   18.00  17.994   4.198    4.168  -0.030   0.0108   -4.414   8.780  -0.0000   0.0010   0.020
 10.00  0.2000  0.19999   18.00  17.995   4.163    4.174   0.012  -0.0041   -4.275   8.752  -0.0001  -0.0004   0.020
 11.00  0.2000  0.20008   18.00  17.996   4.165    4.161  -0.004   0.0014   -4.327   8.754   0.0001   0.0002   0.020
 12.00  0.2000  0.19998   18.00  17.997   4.167    4.168   0.001  -0.0005   -4.307   8.753  -0.0000  -0.0001   0.020

   t      L      D      M      Lw     Lt     Dw     Dt    qbar   kap_w   CLw    Fperp
  0.00  117.05    8.72  -0.000  119.86   -2.44   8.30  0.425  198.45  0.4677  0.6291    0.000
  1.00  119.17    8.79  -0.142  122.44   -2.24   8.37  0.420  197.71  0.4648  0.6451    2.169
  2.00  117.43    8.72  -0.371  120.01   -2.03   8.30  0.418  197.81  0.4705  0.6320    0.386
  3.00  101.56    8.26   1.125  103.02   -3.87   7.81  0.450  197.66  0.4983  0.5429  -15.641
  4.00  122.76    8.95   1.219  128.49   -3.60   8.51  0.445  198.29  0.4463  0.6750    5.884
  5.00  146.50    9.61  -3.217  154.11    1.35   9.20  0.413  198.73  0.3983  0.8078   29.817
  6.00   98.54    8.19   1.747  100.14   -4.56   7.72  0.467  197.95  0.4974  0.5270  -18.706
  7.00  123.17    8.93  -0.567  126.87   -1.74   8.52  0.416  198.30  0.4599  0.6665    6.215
  8.00  115.27    8.66   0.141  117.86   -2.61   8.23  0.427  198.27  0.4700  0.6192   -1.799
  9.00  117.47    8.74  -0.023  120.38   -2.40   8.31  0.424  198.31  0.4675  0.6323    0.431
 10.00  116.99    8.72  -0.004  119.80   -2.43   8.29  0.424  198.34  0.4677  0.6292   -0.051
 11.00  117.02    8.72   0.006  119.85   -2.44   8.30  0.425  198.36  0.4678  0.6294   -0.025
 12.00  117.07    8.72  -0.004  119.89   -2.43   8.30  0.424  198.38  0.4677  0.6296    0.026

---- B: 机动指令 + 真实对象 ----
h_min=0.1011  e_h rms=0.0084  e_V rms=0.0126  de_max=6.925 deg

   t     h_c      h       V_c      V     alpha    theta     gam       q       de       T     e_h      e_q      W1n
  0.00  0.2000  0.20000   18.00  18.000   4.162    4.162   0.000   0.0000   -4.306   8.745   0.0000   0.0000   0.000
  0.50  0.2000  0.20260   18.00  17.960   4.160    4.190   0.030  -0.0129   -4.145   8.271   0.0024  -0.0026   0.001
  1.00  0.2000  0.19820   18.00  17.966   4.337    4.336  -0.001   0.0134   -4.542   9.032  -0.0017   0.0066   0.001
  1.50  0.2000  0.20336   18.00  17.969   4.030    3.937  -0.092   0.0050   -4.478   8.795   0.0037  -0.0088   0.000
  2.00  0.2000  0.20169   18.00  17.971   4.200    4.397   0.197  -0.0486   -3.594   8.689   0.0008   0.0020   0.003
  2.50  0.2000  0.18936   18.00  17.984   4.617    4.411  -0.207   0.0959   -5.730   9.071  -0.0095   0.0190   0.001
  3.00  0.2000  0.21977   18.00  17.964   3.240    3.179  -0.060  -0.0830   -3.381   8.508   0.0197  -0.0459   0.002
  3.50  0.2183  0.19601   18.00  17.989   5.450    6.352   0.902  -0.0677   -3.305   9.375  -0.0261   0.0510   0.008
  4.00  0.2507  0.23944   18.00  17.991   4.807    3.790  -1.017   0.3629   -9.161  10.515  -0.0065   0.0189   0.013
  4.50  0.2806  0.32646   18.00  17.953   2.334    3.304   0.970  -0.3629   -0.303   8.441   0.0406  -0.0482   0.019
  5.00  0.3038  0.26091   18.00  18.010   6.950    7.494   0.544  -0.0264   -3.684  11.481  -0.0447  -0.0010   0.023
  5.50  0.3202  0.33004   18.00  17.984   4.749    3.965  -0.783   0.2807   -6.925   9.832   0.0134   0.0308   0.023
  6.00  0.3312  0.34977   18.00  17.982   3.620    3.952   0.333  -0.1318   -3.185   9.190   0.0167  -0.0021   0.022
  6.50  0.3383  0.33279   18.24  18.190   5.091    5.432   0.341  -0.0841   -3.012  20.807  -0.0069  -0.0108   0.022
  7.00  0.3429  0.35281   18.68  18.679   4.445    4.316  -0.129   0.0584   -3.699  21.713   0.0107   0.0116   0.022
  7.50  0.3457  0.36289   19.08  19.093   3.627    3.541  -0.086   0.0145   -3.054  18.582   0.0175   0.0091   0.022
  8.00  0.3474  0.36060   19.38  19.398   3.423    3.463   0.040  -0.0324   -2.206  16.365   0.0129  -0.0020   0.022
  8.50  0.3485  0.35586   19.60  19.612   3.448    3.490   0.042  -0.0237   -1.884  14.573   0.0072  -0.0038   0.023
  9.00  0.3491  0.35342   19.75  19.754   3.402    3.395  -0.007  -0.0002   -1.886  13.191   0.0044   0.0002   0.023
  9.50  0.3189  0.32976   19.84  19.847   3.017    2.545  -0.472   0.0342   -2.250  11.393   0.0132   0.0009   0.023
 10.00  0.2652  0.27258   19.90  19.902   2.712    2.423  -0.289  -0.0312   -1.757  10.308   0.0088  -0.0039   0.023
 10.50  0.2154  0.21691   19.94  19.938   2.682    2.492  -0.190  -0.0347   -1.675   9.918   0.0025  -0.0068   0.023
 11.00  0.1769  0.17629   19.97  19.961   2.561    2.401  -0.161  -0.0124   -1.842   9.592   0.0003  -0.0032   0.023
 11.50  0.1496  0.14857   19.98  19.975   2.388    2.248  -0.140   0.0038   -2.018   9.352  -0.0003   0.0004   0.023
 12.00  0.1313  0.13077   19.99  19.983   2.214    2.103  -0.111   0.0069   -2.078   9.179   0.0000   0.0007   0.023
 12.50  0.1194  0.11942   19.99  19.988   2.089    2.023  -0.065  -0.0001   -2.014   9.054   0.0003  -0.0007   0.023
 13.00  0.1119  0.11169   20.00  19.992   2.040    2.017  -0.023  -0.0057   -1.944   8.986  -0.0001  -0.0012   0.023
 13.50  0.1072  0.10648   20.00  19.994   2.038    2.030  -0.008  -0.0036   -1.953   8.965  -0.0007  -0.0004   0.023
 14.00  0.1043  0.10356   20.00  19.996   2.030    2.016  -0.013   0.0015   -2.004   8.958  -0.0007   0.0004   0.023
 14.50  0.1026  0.10228   20.00  19.996   2.002    1.987  -0.016   0.0026   -2.019   8.942  -0.0002   0.0002   0.023
 15.00  0.1015  0.10158   20.00  19.997   1.981    1.974  -0.007  -0.0002   -1.989   8.923   0.0001  -0.0003   0.023
 15.50  0.1192  0.11478   20.00  19.997   2.159    2.415   0.255  -0.0100   -1.863   9.314  -0.0058   0.0036   0.023
 16.00  0.1512  0.14783   20.00  19.996   2.403    2.578   0.176   0.0202   -2.083   9.838  -0.0042   0.0052   0.023
 16.50  0.1810  0.18145   20.00  19.996   2.448    2.550   0.103   0.0211   -2.079   9.918   0.0000   0.0033   0.023
 17.00  0.2040  0.20595   20.00  19.996   2.495    2.598   0.103   0.0012   -1.880   9.933   0.0014   0.0004   0.023
 17.50  0.2203  0.22144   20.00  19.997   2.612    2.709   0.098  -0.0083   -1.754   9.986   0.0006  -0.0013   0.023
 18.00  0.2312  0.23149   20.00  19.998   2.715    2.780   0.066  -0.0044   -1.755  10.029  -0.0001  -0.0010   0.023
 18.50  0.2384  0.23839   20.00  19.998   2.761    2.793   0.032   0.0015   -1.800  10.041  -0.0001   0.0001   0.023
 19.00  0.2429  0.24303   20.00  19.998   2.770    2.783   0.013   0.0033   -1.824  10.036   0.0001   0.0007   0.023
 19.50  0.2457  0.24596   20.00  19.999   2.769    2.776   0.007   0.0019   -1.819  10.030   0.0002   0.0005   0.023
 20.00  0.2474  0.24766   20.00  19.999   2.772    2.779   0.007  -0.0000   -1.802  10.029   0.0002   0.0001   0.023

   t      L      D      M      Lw     Lt     Dw     Dt    qbar   kap_w   CLw    Fperp
  0.00  117.05    8.72  -0.000  119.86   -2.44   8.30  0.425  198.45  0.4677  0.6291    0.000
  0.50  116.33    8.70  -0.021  119.13   -2.39   8.27  0.422  197.56  0.4719  0.6281   -0.748
  1.00  119.17    8.79  -0.142  122.44   -2.24   8.37  0.420  197.71  0.4648  0.6451    2.169
  1.50  114.29    8.63   0.339  117.04   -2.82   8.21  0.429  197.76  0.4731  0.6165   -2.774
  2.00  117.43    8.72  -0.371  120.01   -2.03   8.30  0.418  197.81  0.4705  0.6320    0.386
  2.50  123.64    8.93  -0.084  127.96   -2.23   8.50  0.421  198.09  0.4501  0.6729    6.691
  3.00  101.56    8.26   1.125  103.02   -3.87   7.81  0.450  197.66  0.4983  0.5429  -15.641
  3.50  135.81    9.53  -2.348  141.53    0.34   9.12  0.407  198.20  0.4612  0.7438   19.038
  4.00  120.65    9.38   1.604  128.17   -3.95   8.92  0.453  198.25  0.5261  0.6734    3.874
  4.50   82.11    8.01   1.882   84.63   -4.91   7.54  0.476  197.40  0.6243  0.4466  -35.214
  5.00  149.88   11.30  -3.608  162.31    1.97  10.88  0.419  198.67  0.5539  0.8510   33.598
  5.50  115.62    9.65   0.928  123.26   -3.21   9.21  0.437  198.10  0.6276  0.6481   -1.239
  6.00   99.45    8.87   1.621  104.73   -4.25   8.41  0.459  198.06  0.6450  0.5508  -17.645
  6.50  124.27   10.15  -1.078  131.58   -1.42   9.73  0.422  202.67  0.6301  0.6763    8.434
  7.00  120.69   10.20  -0.417  127.00   -2.42   9.74  0.454  213.71  0.6476  0.6190    4.692
  7.50  112.81   10.00   0.489  117.83   -3.63   9.51  0.493  223.29  0.6559  0.5497   -3.690
  8.00  113.69   10.15   0.282  117.94   -3.50   9.65  0.504  230.47  0.6541  0.5330   -3.017
  8.50  117.32   10.38  -0.115  121.17   -3.08   9.87  0.507  235.60  0.6502  0.5357    0.513
  9.00  118.50   10.48  -0.177  122.12   -3.03   9.97  0.513  239.02  0.6481  0.5322    1.599
  9.50  113.79   10.24   0.454  116.58   -3.81   9.71  0.530  241.27  0.6273  0.5033   -3.287
 10.00  112.60    9.94   0.465  113.30   -3.95   9.41  0.535  242.61  0.5679  0.4865   -4.590
 10.50  117.20    9.77  -0.013  115.71   -3.49   9.25  0.529  243.49  0.4941  0.4950   -0.020
 11.00  119.28    9.55  -0.194  115.93   -3.37   9.03  0.528  244.05  0.4272  0.4948    2.034
 11.50  119.16    9.34  -0.128  114.42   -3.52   8.81  0.531  244.39  0.3739  0.4877    1.869
 12.00  117.91    9.17   0.014  112.20   -3.75   8.64  0.535  244.59  0.3359  0.4778    0.583
 12.50  116.87    9.06   0.080  110.48   -3.87   8.52  0.538  244.71  0.3101  0.4703   -0.479
 13.00  116.96    9.00   0.034  110.13   -3.84   8.46  0.537  244.80  0.2918  0.4686   -0.400
 13.50  117.64    8.96  -0.034  110.58   -3.78   8.43  0.536  244.86  0.2791  0.4704    0.278
 14.00  117.85    8.94  -0.035  110.68   -3.78   8.41  0.536  244.89  0.2719  0.4708    0.490
 14.50  117.45    8.93   0.009  110.21   -3.83   8.39  0.537  244.91  0.2687  0.4687    0.085
 15.00  117.12    8.92   0.027  109.80   -3.86   8.38  0.538  244.92  0.2670  0.4670   -0.255
 15.50  119.14    9.06  -0.216  112.52   -3.54   8.53  0.532  244.92  0.2992  0.4785    1.813
 16.00  119.84    9.36  -0.219  115.03   -3.44   8.83  0.531  244.91  0.3723  0.4893    2.572
 16.50  116.86    9.55   0.076  113.63   -3.72   9.02  0.535  244.90  0.4364  0.4833   -0.399
 17.00  115.33    9.68   0.166  113.15   -3.78   9.15  0.536  244.91  0.4772  0.4813   -1.917
 17.50  116.21    9.81   0.048  114.72   -3.60   9.27  0.533  244.93  0.5008  0.4879   -1.018
 18.00  117.32    9.91  -0.053  116.32   -3.45   9.37  0.531  244.95  0.5152  0.4946    0.112
 18.50  117.59    9.96  -0.058  116.92   -3.42   9.43  0.530  244.96  0.5247  0.4972    0.396
 19.00  117.34    9.98  -0.016  116.87   -3.46   9.45  0.531  244.96  0.5310  0.4970    0.147
 19.50  117.07    9.99   0.015  116.71   -3.49   9.46  0.532  244.97  0.5348  0.4963   -0.124
 20.00  117.00   10.00   0.019  116.70   -3.49   9.47  0.532  244.97  0.5371  0.4963   -0.194

---- C: 机动指令 + 名义对象（无失配） ----
h_min=0.1002  e_h rms=0.0117  e_V rms=0.0134  de_max=8.315 deg

   t     h_c      h       V_c      V     alpha    theta     gam       q       de       T     e_h      e_q      W1n
  0.00  0.2000  0.20000   18.00  18.000   3.690    3.690   0.000   0.0000   -3.595   6.463   0.0000   0.0000   0.000
  0.50  0.2000  0.19994   18.00  18.000   3.691    3.690  -0.000   0.0003   -3.599   6.465  -0.0001   0.0001   0.000
  1.00  0.2000  0.20002   18.00  18.000   3.688    3.686  -0.001   0.0000   -3.597   6.462   0.0000  -0.0001   0.000
  1.50  0.2000  0.20004   18.00  18.000   3.688    3.690   0.002  -0.0008   -3.583   6.460   0.0000  -0.0001   0.000
  2.00  0.2000  0.19985   18.00  18.000   3.696    3.697   0.001   0.0006   -3.600   6.465  -0.0002   0.0005   0.000
  2.50  0.2000  0.19998   18.00  18.000   3.689    3.681  -0.007   0.0016   -3.623   6.467   0.0000  -0.0002   0.000
  3.00  0.2000  0.20040   18.00  18.000   3.672    3.675   0.003  -0.0030   -3.558   6.452   0.0004  -0.0011   0.000
  3.50  0.2183  0.21471   18.00  17.999   3.871    4.199   0.328  -0.0160   -3.229   6.918  -0.0051   0.0081   0.001
  4.00  0.2507  0.24227   18.00  18.004   4.122    4.188   0.067   0.0721   -4.471   7.491  -0.0086   0.0161   0.001
  4.50  0.2806  0.29050   18.00  17.993   3.369    3.328  -0.041  -0.0104   -3.718   7.157   0.0098  -0.0343   0.002
  5.00  0.3038  0.31229   18.00  17.995   3.719    4.429   0.711  -0.1736   -0.711   6.981   0.0051  -0.0105   0.006
  5.50  0.3202  0.28813   18.00  18.021   5.547    5.644   0.097   0.1626   -4.691   8.264  -0.0319   0.0791   0.007
  6.00  0.3312  0.34001   18.00  17.993   3.611    2.502  -1.108   0.2679   -7.754   7.535   0.0137  -0.0123   0.015
  6.50  0.3383  0.37981   18.24  18.175   1.818    2.275   0.457  -0.2869   -1.553  16.477   0.0385  -0.0674   0.020
  7.00  0.3429  0.34852   18.68  18.692   3.482    4.526   1.044  -0.3429    1.252  19.330   0.0007  -0.0450   0.024
  7.50  0.3457  0.33917   19.08  19.111   4.384    4.771   0.387  -0.0801   -0.145  17.185  -0.0078  -0.0151   0.026
  8.00  0.3474  0.34342   19.38  19.413   4.151    4.138  -0.013   0.0682   -1.414  14.627  -0.0034   0.0196   0.027
  8.50  0.3485  0.34675   19.60  19.625   3.758    3.583  -0.175   0.1177   -2.073  12.496  -0.0005   0.0351   0.028
  9.00  0.3491  0.34904   19.75  19.764   3.416    3.192  -0.224   0.1218   -2.308  10.933   0.0013   0.0372   0.028
  9.50  0.3189  0.32628   19.84  19.855   3.020    2.381  -0.640   0.1328   -2.607   9.187   0.0107   0.0331   0.029
 10.00  0.2652  0.26665   19.90  19.913   2.780    2.238  -0.543   0.0937   -2.532   8.065   0.0042   0.0301   0.029
 10.50  0.2154  0.21563   19.94  19.945   2.556    2.103  -0.453   0.0707   -2.466   7.600   0.0026   0.0189   0.029
 11.00  0.1769  0.17832   19.97  19.966   2.326    1.997  -0.329   0.0408   -2.240   7.245   0.0031   0.0085   0.029
 11.50  0.1496  0.15221   19.98  19.978   2.166    1.965  -0.201   0.0091   -1.918   7.012   0.0035  -0.0006   0.029
 12.00  0.1313  0.13412   19.99  19.986   2.096    2.013  -0.083  -0.0171   -1.579   6.871   0.0031  -0.0063   0.029
 12.50  0.1194  0.12114   19.99  19.992   2.116    2.120   0.004  -0.0297   -1.345   6.812   0.0016  -0.0070   0.029
 13.00  0.1119  0.11182   20.00  19.996   2.189    2.229   0.040  -0.0252   -1.305   6.817  -0.0003  -0.0038   0.029
 13.50  0.1072  0.10572   20.00  19.998   2.255    2.281   0.026  -0.0091   -1.435   6.851  -0.0016   0.0004   0.029
 14.00  0.1043  0.10257   20.00  19.999   2.270    2.259  -0.011   0.0071   -1.619   6.873  -0.0016   0.0031   0.029
 14.50  0.1026  0.10160   20.00  19.999   2.232    2.193  -0.039   0.0142   -1.734   6.863  -0.0007   0.0030   0.029
 15.00  0.1015  0.10165   20.00  19.999   2.175    2.134  -0.040   0.0105   -1.729   6.830   0.0003   0.0011   0.029
 15.50  0.1192  0.11668   20.00  19.998   2.216    2.448   0.232  -0.0131   -1.459   7.159  -0.0038  -0.0000   0.029
 16.00  0.1512  0.14909   20.00  19.999   2.354    2.574   0.220  -0.0031   -1.470   7.578  -0.0033   0.0006   0.029
 16.50  0.1810  0.18019   20.00  20.000   2.438    2.597   0.159   0.0039   -1.494   7.664  -0.0016   0.0013   0.029
 17.00  0.2040  0.20409   20.00  20.000   2.490    2.597   0.107   0.0054   -1.495   7.696  -0.0004   0.0016   0.029
 17.50  0.2203  0.22077   20.00  20.000   2.526    2.594   0.069   0.0050   -1.489   7.705   0.0001   0.0015   0.029
 18.00  0.2312  0.23181   20.00  20.000   2.549    2.591   0.042   0.0042   -1.481   7.705   0.0003   0.0013   0.029
 18.50  0.2384  0.23888   20.00  20.000   2.564    2.588   0.024   0.0033   -1.472   7.701   0.0004   0.0010   0.029
 19.00  0.2429  0.24330   20.00  20.000   2.573    2.586   0.014   0.0024   -1.464   7.698   0.0003   0.0007   0.029
 19.50  0.2457  0.24601   20.00  20.000   2.578    2.586   0.008   0.0017   -1.457   7.696   0.0003   0.0005   0.029
 20.00  0.2474  0.24765   20.00  20.000   2.582    2.586   0.004   0.0011   -1.451   7.694   0.0002   0.0003   0.029

   t      L      D      M      Lw     Lt     Dw     Dt    qbar   kap_w   CLw    Fperp
  0.00  117.26    6.45   0.000  118.50   -1.24   6.11  0.344  198.45  0.2919  0.6220    0.000
  0.50  117.29    6.45  -0.000  118.52   -1.23   6.11  0.344  198.45  0.2918  0.6221    0.027
  1.00  117.22    6.45   0.005  118.46   -1.24   6.11  0.344  198.45  0.2919  0.6218   -0.044
  1.50  117.23    6.45  -0.003  118.46   -1.23   6.11  0.344  198.45  0.2920  0.6218   -0.035
  2.00  117.41    6.45  -0.011  118.63   -1.22   6.11  0.344  198.46  0.2917  0.6227    0.146
  2.50  117.23    6.45   0.017  118.48   -1.25   6.11  0.344  198.45  0.2919  0.6219   -0.033
  3.00  116.90    6.44   0.016  118.16   -1.26   6.10  0.344  198.45  0.2925  0.6202   -0.364
  3.50  120.06    6.60  -0.420  120.82   -0.76   6.26  0.341  198.44  0.3138  0.6342    2.854
  4.00  122.61    6.88  -0.067  123.69   -1.09   6.53  0.343  198.54  0.3530  0.6490    5.467
  4.50  105.56    6.72   1.177  108.27   -2.70   6.36  0.361  198.29  0.4157  0.5688  -11.696
  5.00  112.88    6.96  -0.888  113.31   -0.43   6.62  0.340  198.34  0.4416  0.5951   -4.335
  5.50  147.54    7.99  -2.265  145.90    1.64   7.65  0.348  198.92  0.4128  0.7640   30.660
  6.00  105.86    7.05   2.975  110.39   -4.53   6.65  0.399  198.30  0.4725  0.5799  -11.327
  6.50   75.20    6.38   3.236   81.06   -5.86   5.94  0.445  202.33  0.5129  0.4173  -41.955
  7.00  116.21    7.49  -1.607  116.48   -0.27   7.12  0.366  214.00  0.4815  0.5670   -0.279
  7.50  141.17    8.41  -3.459  139.12    2.05   8.02  0.393  223.70  0.4716  0.6478   24.808
  8.00  140.10    8.52  -2.763  138.84    1.26   8.12  0.399  230.84  0.4761  0.6265   23.475
  8.50  133.95    8.44  -1.704  133.93    0.02   8.03  0.403  235.89  0.4796  0.5914   17.089
  9.00  127.88    8.33  -0.853  128.87   -0.99   7.92  0.412  239.26  0.4820  0.5611   10.854
  9.50  120.99    8.08   0.000  122.99   -2.00   7.66  0.423  241.46  0.4575  0.5306    3.797
 10.00  119.18    7.78   0.306  121.53   -2.35   7.35  0.428  242.87  0.3857  0.5212    1.897
 10.50  117.33    7.49   0.494  119.91   -2.58   7.06  0.433  243.67  0.3152  0.5126   -0.008
 11.00  114.58    7.24   0.651  117.38   -2.80   6.81  0.436  244.16  0.2585  0.5008   -2.807
 11.50  112.78    7.07   0.658  115.62   -2.85   6.64  0.437  244.46  0.2166  0.4927   -4.637
 12.00  112.64    6.97   0.488  115.32   -2.68   6.53  0.435  244.66  0.1869  0.4910   -4.789
 12.50  114.36    6.90   0.193  116.70   -2.34   6.47  0.432  244.80  0.1653  0.4966   -3.065
 13.00  117.06    6.87  -0.095  119.05   -1.99   6.44  0.428  244.90  0.1498  0.5064   -0.354
 13.50  119.23    6.85  -0.243  121.02   -1.79   6.42  0.426  244.96  0.1396  0.5146    1.820
 14.00  119.79    6.83  -0.208  121.60   -1.82   6.41  0.427  244.98  0.1344  0.5171    2.382
 14.50  118.81    6.82  -0.061  120.80   -1.99   6.39  0.428  244.98  0.1328  0.5137    1.402
 15.00  117.30    6.81   0.079  119.46   -2.16   6.38  0.430  244.97  0.1329  0.5080   -0.120
 15.50  117.31    6.90  -0.040  119.36   -2.05   6.48  0.429  244.95  0.1579  0.5076   -0.091
 16.00  118.38    7.12  -0.160  120.30   -1.91   6.69  0.428  244.97  0.2115  0.5115    1.015
 16.50  118.19    7.31  -0.129  120.14   -1.95   6.88  0.428  244.99  0.2614  0.5108    0.841
 17.00  117.80    7.44  -0.076  119.81   -2.01   7.02  0.429  244.99  0.2981  0.5094    0.455
 17.50  117.56    7.53  -0.038  119.62   -2.06   7.10  0.429  245.00  0.3226  0.5086    0.217
 18.00  117.42    7.59  -0.013  119.50   -2.09   7.16  0.429  245.00  0.3384  0.5081    0.078
 18.50  117.33    7.63   0.002  119.43   -2.10   7.20  0.429  245.00  0.3483  0.5078   -0.010
 19.00  117.27    7.65   0.010  119.38   -2.11   7.22  0.430  245.00  0.3544  0.5076   -0.062
 19.50  117.24    7.66   0.014  119.36   -2.12   7.23  0.430  245.00  0.3582  0.5075   -0.091
 20.00  117.23    7.67   0.015  119.35   -2.12   7.24  0.430  245.00  0.3604  0.5074   -0.103
