=========== 增益整定 ===========
场景：真实对象，h: 0.20->0.35->0.10->0.25 m, V: 18->20 m/s

--- 第一轮：高度外环 k_h / k_hd ---
 k_h   k_hd |  h_rms[m]  h_err_max[m]  h_min[m]  V_rms[m/s]  de_max[deg]  settle[s]  ok
  1.5    0.4 |    0.0109       0.0455    0.1007      0.0187       6.411      4.16     1
  1.5    0.8 |    0.0167       0.0513    0.1001      0.0194      10.521      4.82     1
  1.5    1.2 |    0.1137       0.3423    0.0251      0.0669      22.415      5.00     1
  1.5    1.8 |    0.1347       0.3297    0.0000      0.1284      22.942      4.99     0
  1.5    2.5 |    0.1705       0.3431    0.0000      0.1025      22.867      5.00     0
  2.0    0.4 |    0.0089       0.0405    0.1010      0.0187       5.376      4.26     1
  2.0    0.8 |    0.0150       0.0435    0.0972      0.0193       9.501      4.79     1
  2.0    1.2 |    0.1077       0.3525    0.0000      0.0752      22.381      5.00     0
  2.0    1.8 |    0.1689       0.4490    0.0000      0.2033      23.084      5.00     0
  2.0    2.5 |    0.1673       0.3432    0.0000      0.1054      22.940      5.00     0
  3.0    0.4 |    0.0082       0.0336    0.1012      0.0189       5.366      4.25     1
  3.0    0.8 |    0.0131       0.0343    0.0940      0.0192       7.796      5.00     1
  3.0    1.2 |    0.0689       0.2187    0.0353      0.0502      21.668      5.00     1
  3.0    1.8 |    0.2383       0.4888    0.0000      0.3399      23.519      5.00     0
  3.0    2.5 |    0.1631       0.3449    0.0000      0.1116      23.132      5.00     0
  4.0    0.4 |    0.0189       0.0767    0.0895      0.0210       7.416      4.23     1
  4.0    0.8 |    0.0130       0.0370    0.0926      0.0192       7.827      5.00     1
  4.0    1.2 |    0.0241       0.0773    0.0934      0.0217      20.150      4.73     1
  4.0    1.8 |    0.1596       0.3670    0.0000      0.2223      23.626      5.00     0
  4.0    2.5 |    0.1586       0.3404    0.0000      0.1260      23.378      5.00     0
  5.0    0.4 |    0.0917       0.3354    0.0000      0.0817      24.834      5.00     0
  5.0    0.8 |    0.0205       0.0642    0.0533      0.0203      10.026      4.70     1
  5.0    1.2 |    0.0895       0.1776    0.0000      0.0988      21.823      5.00     0
  5.0    1.8 |    0.1382       0.3465    0.0000      0.1218      23.201      5.00     0
  5.0    2.5 |    0.1603       0.3481    0.0000      0.1611      23.879      4.99     0
  7.0    0.4 |    0.2168       0.5836    0.0000      0.3009      24.971      5.00     0
  7.0    0.8 |    0.2011       0.5844    0.0000      0.3154      24.959      5.00     0
  7.0    1.2 |    0.1707       0.3482    0.0000      0.2069      24.838      5.00     0
  7.0    1.8 |    0.1611       0.3485    0.0000      0.1947      24.370      5.00     0
  7.0    2.5 |    0.1673       0.3489    0.0000      0.2185      24.353      5.00     0
>>> 高环最佳: k_h=3.0, k_hd=0.4 (score=0.0082)

--- 第二轮：姿态内环 k_th / k_q（固定 k_h=3.0, k_hd=0.4） ---
 k_th  k_q  |  h_rms[m]  h_err_max[m]  h_min[m]  V_rms[m/s]  de_max[deg]  q_rms  ok
  2.0  4.0 |    0.0087       0.0289    0.1009      0.0185       5.422  0.0232     1
  2.0  6.0 |    0.0099       0.0442    0.1010      0.0189       5.200  0.0293     1
  2.0  9.0 |    0.0163       0.0768    0.1010      0.0206       7.668  0.0685     1
  2.0 12.0 |    0.0192       0.0726    0.1008      0.0206       7.830  0.0874     1
  3.2  4.0 |    0.0086       0.0343    0.1004      0.0188       5.649  0.0328     1
  3.2  6.0 |    0.0082       0.0336    0.1012      0.0189       5.366  0.0277     1
  3.2  9.0 |    0.0138       0.0695    0.1012      0.0195       7.184  0.0579     1
  3.2 12.0 |    0.0183       0.0677    0.1013      0.0192       8.228  0.0864     1
  4.5  4.0 |    0.0161       0.0391    0.0843      0.0205      13.489  0.3130     1
  4.5  6.0 |    0.0084       0.0353    0.1011      0.0187       5.768  0.0317     1
  4.5  9.0 |    0.0110       0.0614    0.1012      0.0185       6.760  0.0458     1
  4.5 12.0 |    0.0151       0.0593    0.1010      0.0190       8.142  0.0768     1
  6.0  4.0 |    0.1401       0.4620    0.0000      0.1212      18.729  0.5325     0
  6.0  6.0 |    0.0087       0.0369    0.0989      0.0183       6.139  0.0488     1
  6.0  9.0 |    0.0088       0.0390    0.1012      0.0184       6.590  0.0400     1
  6.0 12.0 |    0.0124       0.0491    0.1012      0.0193       7.648  0.0656     1
>>> 内环最佳: k_th=3.2, k_q=6.0 (score=0.0082)

--- 第三轮：速度环 k_V / k_IV ---
 k_V  k_IV |  h_rms[m]  V_rms[m/s]  V_err_max  de_max[deg]  ok
  0.6  0.10 |    0.0083      0.0415     0.1241       5.440     1
  0.6  0.35 |    0.0083      0.0232     0.0964       5.397     1
  0.6  0.80 |    0.0082      0.0205     0.0763       5.360     1
  1.2  0.10 |    0.0082      0.0367     0.1112       5.410     1
  1.2  0.35 |    0.0082      0.0212     0.0919       5.382     1
  1.2  0.80 |    0.0082      0.0176     0.0747       5.353     1
  2.0  0.10 |    0.0081      0.0316     0.0984       5.371     1
  2.0  0.35 |    0.0081      0.0194     0.0854       5.352     1
  2.0  0.80 |    0.0081      0.0152     0.0719       5.332     1
  3.0  0.10 |    0.0080      0.0270     0.0868       5.314     1
  3.0  0.35 |    0.0080      0.0177     0.0780       5.301     1
  3.0  0.80 |    0.0080      0.0133     0.0679       5.286     1
>>> 速度环最佳: k_V=3.0, k_IV=0.80 (score=0.0213)

--- 第四轮：自适应增益 Gam1 / Gam2（固定上述全部增益） ---
  Gam1    Gam2  |  h_rms[m]  h_err_max[m]  V_rms[m/s]  W1n    W2n     ok
  0.005     1.0 |    0.0080       0.0326      0.0135   0.021   0.038     1
  0.005     3.0 |    0.0080       0.0326      0.0133   0.021   0.095     1
  0.005     5.0 |    0.0080       0.0326      0.0132   0.021   0.135     1
  0.005    10.0 |    0.0080       0.0326      0.0131   0.021   0.191     1
  0.005    20.0 |    0.0080       0.0325      0.0130   0.021   0.231     1
  0.015     1.0 |    0.0526       0.1243      0.0386   0.858   0.028     0
  0.015     3.0 |    0.0511       0.1240      0.0378   0.862   0.053     0
  0.015     5.0 |    0.0516       0.1238      0.0380   0.859   0.059     0
  0.015    10.0 |    0.0505       0.1230      0.0376   0.861   0.059     0
  0.015    20.0 |    0.0517       0.1216      0.0383   0.856   0.049     0
  0.030     1.0 |    0.0569       0.1813      0.0340   1.496   0.063     0
  0.030     3.0 |    0.0573       0.1793      0.0353   1.470   0.138     0
  0.030     5.0 |    0.0463       0.1532      0.0298   1.483   0.193     0
  0.030    10.0 |    0.0644       0.1820      0.0365   1.459   0.216     0
  0.030    20.0 |    0.0741       0.2471      0.0418   1.445   0.219     0
  0.060     1.0 |    0.7047       1.5294      0.5978   1.044   0.027     0
  0.060     3.0 |    0.6974       1.4989      0.5935   1.030   0.033     0
  0.060     5.0 |    0.6932       1.5006      0.5940   1.041   0.038     0
  0.060    10.0 |    0.6998       1.5329      0.5945   1.035   0.049     0
  0.060    20.0 |    0.6933       1.5081      0.5921   1.045   0.073     0
  0.120     1.0 |    0.7378       1.6253      0.5838   1.097   0.026     0
  0.120     3.0 |    0.7378       1.6250      0.5838   1.097   0.028     0
  0.120     5.0 |    0.7379       1.6250      0.5838   1.097   0.031     0
  0.120    10.0 |    0.7393       1.6267      0.5843   1.087   0.042     0
  0.120    20.0 |    0.7422       1.6313      0.5857   1.098   0.067     0
>>> 自适应增益最佳: Gam1=0.005, Gam2=20.0 (score=0.0209)

=========== 推荐参数 ===========
p.ctrl.k_h    = 3.00;
p.ctrl.k_hd   = 0.40;
p.ctrl.k_th   = 3.20;
p.ctrl.k_q    = 6.00;
p.ctrl.k_V    = 3.00;
p.ctrl.k_IV   = 0.80;
p.ctrl.nn.Gam1= 0.005;
p.ctrl.nn.Gam2= 20.0;

=========== 整定结束 ===========
